9.720416665077209473e-01
9.685798883438110352e-01
9.581372141838073730e-01
9.286755919456481934e-01
7.707350850105285645e-01
9.221684932708740234e-01
9.936400055885314941e-01
9.925554394721984863e-01
9.993276596069335938e-01
9.876369237899780273e-01
9.521300792694091797e-01
9.825702309608459473e-01
9.444717168807983398e-01
8.791319727897644043e-01
9.998427629470825195e-01
4.979676604270935059e-01
9.779126942157745361e-02
7.207320630550384521e-02
1.006627175956964493e-02
1.060427650809288025e-01
2.968121320009231567e-03
2.139082411304116249e-03
3.156203310936689377e-03
9.821666479110717773e-01
5.996363982558250427e-02
7.087730765342712402e-01
2.415051218122243881e-03
3.690839512273669243e-03
3.030655789189040661e-04
4.868522658944129944e-02
1.805177479982376099e-01
1.297563449043082073e-05
3.639902615759638138e-06
5.371051884139887989e-06
9.999439716339111328e-01
7.076461911201477051e-01
1.417239606380462646e-01
4.031974971294403076e-01
4.044616520404815674e-01
2.148121297359466553e-01
4.074716195464134216e-02
8.714950672583654523e-05
2.009453455684706569e-04
3.872220986522734165e-04
4.798524023499339819e-04
5.163375171832740307e-04
1.544855535030364990e-02
1.242226362228393555e-02
3.701275214552879333e-02
6.454408168792724609e-02
1.544855535030364990e-02
7.979717338457703590e-05
9.999439716339111328e-01
9.794185161590576172e-01
9.098353385925292969e-01
8.798453211784362793e-01
8.674222230911254883e-01
8.609643578529357910e-01
8.575466275215148926e-01
2.071565203368663788e-02
2.906018635258078575e-04
9.160425543086603284e-05
5.165462425793521106e-05
4.026466558570973575e-05
9.936400055885314941e-01
9.321057796478271484e-01
7.415860295295715332e-01
1.340304762125015259e-01
1.040568202733993530e-02
5.979496520012617111e-03
9.922252893447875977e-01
8.471290469169616699e-01
8.013738393783569336e-01
7.916815876960754395e-01
7.870372533798217773e-01
1.317690475843846798e-03
9.821666479110717773e-01
9.185010194778442383e-01
4.426668956875801086e-02
2.961865393444895744e-03
1.733805052936077118e-03
1.519650802947580814e-03
1.458643702790141106e-03
1.498551282566040754e-04
4.122344398638233542e-05
3.730811658897437155e-05
3.880952863255515695e-05
3.967334123444743454e-05
9.993276596069335938e-01
9.991385936737060547e-01
9.998427629470825195e-01
9.982294440269470215e-01
9.965965151786804199e-01
9.986162185668945312e-01
9.782009124755859375e-01
3.105828762054443359e-01
3.568859696388244629e-01
3.338991403579711914e-01
5.724358488805592060e-04
9.703727118903771043e-05
9.720416665077209473e-01
9.685798883438110352e-01
9.581372141838073730e-01
9.286755919456481934e-01
7.707350850105285645e-01
9.221684932708740234e-01
9.936400055885314941e-01
9.925554394721984863e-01
9.993276596069335938e-01
9.876369237899780273e-01
9.521300792694091797e-01
9.825702309608459473e-01
5.858930945396423340e-01
1.443487107753753662e-01
9.998427629470825195e-01
9.810612201690673828e-01
9.608698487281799316e-01
4.969315528869628906e-01
8.951234221458435059e-01
9.246765375137329102e-01
7.969351410865783691e-01
8.954793810844421387e-01
2.205574652180075645e-03
9.821666479110717773e-01
9.567871093750000000e-01
2.184184789657592773e-01
1.696328748948872089e-03
2.200706629082560539e-03
2.223435556516051292e-03
2.456404641270637512e-02
1.379217952489852905e-01
9.772553294897079468e-02
4.999210834503173828e-01
9.027160558616742492e-05
9.999439716339111328e-01
9.528589248657226562e-01
7.369482517242431641e-01
8.737647533416748047e-01
7.702931761741638184e-01
8.976702094078063965e-01
1.258256286382675171e-01
1.453500986099243164e-01
2.164621949195861816e-01
3.362611234188079834e-01
4.096420705318450928e-01
3.301392123103141785e-02
1.544855535030364990e-02
1.242226362228393555e-02
3.701275214552879333e-02
6.454408168792724609e-02
1.544855535030364990e-02
1.242226362228393555e-02
9.999439716339111328e-01
9.794185161590576172e-01
9.098353385925292969e-01
6.848844289779663086e-01
1.522397249937057495e-01
9.465888142585754395e-02
9.141196310520172119e-02
3.041887248400598764e-04
7.939027273096144199e-05
4.990962770534679294e-05
3.953752820962108672e-05
3.538235614541918039e-05
9.936400055885314941e-01
9.321057796478271484e-01
7.415860295295715332e-01
7.437988519668579102e-01
1.666487306356430054e-01
1.071507763117551804e-02
9.922252893447875977e-01
8.471290469169616699e-01
8.013738393783569336e-01
7.916815876960754395e-01
7.870372533798217773e-01
7.845421433448791504e-01
9.821666479110717773e-01
9.185010194778442383e-01
8.745846152305603027e-01
8.757970929145812988e-01
8.783223032951354980e-01
8.794592618942260742e-01
8.798490762710571289e-01
9.939056038856506348e-01
9.126448631286621094e-01
6.694908738136291504e-01
5.657416582107543945e-01
5.293981432914733887e-01
9.993276596069335938e-01
9.991385936737060547e-01
9.998427629470825195e-01
9.982294440269470215e-01
9.965965151786804199e-01
9.986162185668945312e-01
9.782009124755859375e-01
3.105828762054443359e-01
3.568859696388244629e-01
3.338991403579711914e-01
5.677153468132019043e-01
2.081599319353699684e-03
9.720416665077209473e-01
9.685798883438110352e-01
9.581372141838073730e-01
9.286755919456481934e-01
7.707350850105285645e-01
9.221684932708740234e-01
9.936400055885314941e-01
9.925554394721984863e-01
9.993276596069335938e-01
9.876369237899780273e-01
9.521300792694091797e-01
9.825702309608459473e-01
5.858930945396423340e-01
1.443487107753753662e-01
9.998427629470825195e-01
9.810612201690673828e-01
9.608698487281799316e-01
4.969315528869628906e-01
8.951234221458435059e-01
9.246765375137329102e-01
7.969351410865783691e-01
8.954793810844421387e-01
8.922772407531738281e-01
9.821666479110717773e-01
9.567871093750000000e-01
1.809640675783157349e-01
1.343695912510156631e-03
2.160698873922228813e-03
2.315249480307102203e-02
3.135029673576354980e-01
1.796561479568481445e-01
2.428267449140548706e-01
5.110241174697875977e-01
1.523982064099982381e-04
9.999439716339111328e-01
9.528589248657226562e-01
7.369482517242431641e-01
8.737647533416748047e-01
7.702931761741638184e-01
8.976702094078063965e-01
1.258256286382675171e-01
1.453500986099243164e-01
2.164621949195861816e-01
3.362611234188079834e-01
4.096420705318450928e-01
4.483387470245361328e-01
1.544855535030364990e-02
1.242226362228393555e-02
3.701275214552879333e-02
6.454408168792724609e-02
1.544855535030364990e-02
7.979717338457703590e-05
9.999439716339111328e-01
9.794185161590576172e-01
9.098353385925292969e-01
8.798453211784362793e-01
6.751764416694641113e-01
1.510368436574935913e-01
8.693157136440277100e-02
2.475870251655578613e-01
5.728214979171752930e-01
3.534040588419884443e-04
3.468403156148269773e-05
3.226988337701186538e-05
9.936400055885314941e-01
9.321057796478271484e-01
7.415860295295715332e-01
7.437988519668579102e-01
7.493210434913635254e-01
7.528492808341979980e-01
9.922252893447875977e-01
8.471290469169616699e-01
8.013738393783569336e-01
7.916815876960754395e-01
7.870372533798217773e-01
1.317690475843846798e-03
9.821666479110717773e-01
9.185010194778442383e-01
8.745846152305603027e-01
8.757970929145812988e-01
8.783223032951354980e-01
8.794592618942260742e-01
8.798490762710571289e-01
9.939056038856506348e-01
9.126448631286621094e-01
6.694908738136291504e-01
5.657416582107543945e-01
5.293981432914733887e-01
9.993276596069335938e-01
9.991385936737060547e-01
9.998427629470825195e-01
9.982294440269470215e-01
9.965965151786804199e-01
9.986162185668945312e-01
9.782009124755859375e-01
3.105828762054443359e-01
3.568859696388244629e-01
3.338991403579711914e-01
5.677153468132019043e-01
2.081599319353699684e-03
9.720416665077209473e-01
9.685798883438110352e-01
9.581372141838073730e-01
9.286755919456481934e-01
7.707350850105285645e-01
9.221684932708740234e-01
9.936400055885314941e-01
9.925554394721984863e-01
9.993276596069335938e-01
9.876369237899780273e-01
9.521300792694091797e-01
9.825702309608459473e-01
5.858930945396423340e-01
1.443487107753753662e-01
9.998427629470825195e-01
9.810612201690673828e-01
9.608698487281799316e-01
4.969315528869628906e-01
8.951234221458435059e-01
9.246765375137329102e-01
7.969351410865783691e-01
8.954793810844421387e-01
8.922772407531738281e-01
9.821666479110717773e-01
9.567871093750000000e-01
1.809640675783157349e-01
1.343695912510156631e-03
2.160698873922228813e-03
2.315249480307102203e-02
3.135029673576354980e-01
1.796561479568481445e-01
2.428267449140548706e-01
5.110241174697875977e-01
5.611471533775329590e-01
9.999439716339111328e-01
9.528589248657226562e-01
7.369482517242431641e-01
8.737647533416748047e-01
6.002317070960998535e-01
2.100298702716827393e-01
4.361310228705406189e-02
5.103139847051352262e-05
1.752723183017224073e-04
3.686639538500458002e-04
4.774342814926058054e-04
5.180357838980853558e-04
1.544855535030364990e-02
1.242226362228393555e-02
3.701275214552879333e-02
6.454408168792724609e-02
1.544855535030364990e-02
1.242226362228393555e-02
9.999439716339111328e-01
9.794185161590576172e-01
9.098353385925292969e-01
8.798453211784362793e-01
8.674222230911254883e-01
6.695917248725891113e-01
1.518962681293487549e-01
2.834957540035247803e-01
6.151096224784851074e-01
7.856953144073486328e-01
8.349265456199645996e-01
8.562982082366943359e-01
9.936400055885314941e-01
9.321057796478271484e-01
7.415860295295715332e-01
7.437988519668579102e-01
1.666487306356430054e-01
1.071507763117551804e-02
9.922252893447875977e-01
8.471290469169616699e-01
8.013738393783569336e-01
7.916815876960754395e-01
7.870372533798217773e-01
1.317690475843846798e-03
9.821666479110717773e-01
9.185010194778442383e-01
8.745846152305603027e-01
8.757970929145812988e-01
8.783223032951354980e-01
8.794592618942260742e-01
8.798490762710571289e-01
9.939056038856506348e-01
9.126448631286621094e-01
6.694908738136291504e-01
5.657416582107543945e-01
5.293981432914733887e-01
9.993276596069335938e-01
9.991385936737060547e-01
9.998427629470825195e-01
9.982294440269470215e-01
9.965965151786804199e-01
9.986162185668945312e-01
9.782009124755859375e-01
3.105828762054443359e-01
3.568859696388244629e-01
6.297195795923471451e-05
1.325190241914242506e-04
1.093178652809001505e-04
9.720416665077209473e-01
9.685798883438110352e-01
9.581372141838073730e-01
9.286755919456481934e-01
7.707350850105285645e-01
9.221684932708740234e-01
9.936400055885314941e-01
9.925554394721984863e-01
9.993276596069335938e-01
9.876369237899780273e-01
9.521300792694091797e-01
9.825702309608459473e-01
5.858930945396423340e-01
1.443487107753753662e-01
9.998427629470825195e-01
9.810612201690673828e-01
9.608698487281799316e-01
4.969315528869628906e-01
8.951234221458435059e-01
9.246765375137329102e-01
7.969351410865783691e-01
8.954793810844421387e-01
2.205574652180075645e-03
9.821666479110717773e-01
9.567871093750000000e-01
1.809640675783157349e-01
1.343695912510156631e-03
2.200706629082560539e-03
2.223435556516051292e-03
2.456404641270637512e-02
1.379217952489852905e-01
9.772553294897079468e-02
4.999210834503173828e-01
5.614264011383056641e-01
9.999439716339111328e-01
9.528589248657226562e-01
3.686208426952362061e-01
5.041435360908508301e-01
5.059470534324645996e-01
8.803359866142272949e-01
8.705699443817138672e-01
2.729455707594752312e-03
6.421684520319104195e-04
5.684596835635602474e-04
5.535473464988172054e-04
5.505313165485858917e-04
1.544855535030364990e-02
1.242226362228393555e-02
3.701275214552879333e-02
6.454408168792724609e-02
1.544855535030364990e-02
1.242226362228393555e-02
9.999439716339111328e-01
9.794185161590576172e-01
9.098353385925292969e-01
8.798453211784362793e-01
6.751764416694641113e-01
1.510368436574935913e-01
8.693157136440277100e-02
2.475870251655578613e-01
5.728214979171752930e-01
3.534040588419884443e-04
3.468403156148269773e-05
3.226988337701186538e-05
9.936400055885314941e-01
9.321057796478271484e-01
7.415860295295715332e-01
7.437988519668579102e-01
1.666487306356430054e-01
1.071507763117551804e-02
9.922252893447875977e-01
8.471290469169616699e-01
8.013738393783569336e-01
7.916815876960754395e-01
7.870372533798217773e-01
1.317690475843846798e-03
9.821666479110717773e-01
9.185010194778442383e-01
8.745846152305603027e-01
8.757970929145812988e-01
8.783223032951354980e-01
8.794592618942260742e-01
8.798490762710571289e-01
9.939056038856506348e-01
9.126448631286621094e-01
6.694908738136291504e-01
5.657416582107543945e-01
5.293981432914733887e-01
9.993276596069335938e-01
9.991385936737060547e-01
9.998427629470825195e-01
9.982294440269470215e-01
9.965965151786804199e-01
6.941114366054534912e-02
9.782009124755859375e-01
3.105828762054443359e-01
3.568859696388244629e-01
3.338991403579711914e-01
5.677153468132019043e-01
2.081599319353699684e-03
9.720416665077209473e-01
9.685798883438110352e-01
9.581372141838073730e-01
9.286755919456481934e-01
7.707350850105285645e-01
9.221684932708740234e-01
9.936400055885314941e-01
9.925554394721984863e-01
9.993276596069335938e-01
9.876369237899780273e-01
9.521300792694091797e-01
9.825702309608459473e-01
9.444717168807983398e-01
8.791319727897644043e-01
9.998427629470825195e-01
4.979676604270935059e-01
9.779126942157745361e-02
7.207320630550384521e-02
1.006627175956964493e-02
1.060427650809288025e-01
8.487138897180557251e-02
4.871043562889099121e-01
7.833775877952575684e-01
9.821666479110717773e-01
5.996363982558250427e-02
6.971877813339233398e-01
9.518688321113586426e-01
2.031859941780567169e-03
1.554117444902658463e-02
5.393530055880546570e-02
1.594575792551040649e-01
1.098708733916282654e-01
5.002632141113281250e-01
5.612179040908813477e-01
9.999439716339111328e-01
9.528589248657226562e-01
3.686208426952362061e-01
5.041435360908508301e-01
5.059470534324645996e-01
1.506266444921493530e-01
3.713726997375488281e-02
2.426568418741226196e-01
1.220385953783988953e-01
2.570191025733947754e-01
2.408289350569248199e-02
1.677325693890452385e-03
1.544855535030364990e-02
1.242226362228393555e-02
3.701275214552879333e-02
6.454408168792724609e-02
1.544855535030364990e-02
1.242226362228393555e-02
9.999439716339111328e-01
9.794185161590576172e-01
9.098353385925292969e-01
8.798453211784362793e-01
6.751764416694641113e-01
1.510368436574935913e-01
8.693157136440277100e-02
2.475870251655578613e-01
5.728214979171752930e-01
3.534040588419884443e-04
3.468403156148269773e-05
3.226988337701186538e-05
9.936400055885314941e-01
9.321057796478271484e-01
7.415860295295715332e-01
1.340304762125015259e-01
1.040568202733993530e-02
5.979496520012617111e-03
9.922252893447875977e-01
8.471290469169616699e-01
8.013738393783569336e-01
7.916815876960754395e-01
7.870372533798217773e-01
1.317690475843846798e-03
9.821666479110717773e-01
9.185010194778442383e-01
8.745846152305603027e-01
8.757970929145812988e-01
8.783223032951354980e-01
8.794592618942260742e-01
8.798490762710571289e-01
9.939056038856506348e-01
9.126448631286621094e-01
6.694908738136291504e-01
5.657416582107543945e-01
5.293981432914733887e-01
9.993276596069335938e-01
9.991385936737060547e-01
9.998427629470825195e-01
5.894971489906311035e-01
7.443799078464508057e-02
1.790265960153192282e-04
9.782009124755859375e-01
3.105828762054443359e-01
3.568859696388244629e-01
3.338991403579711914e-01
5.677153468132019043e-01
2.081599319353699684e-03
9.720416665077209473e-01
9.685798883438110352e-01
9.581372141838073730e-01
9.286755919456481934e-01
7.707350850105285645e-01
9.221684932708740234e-01
9.936400055885314941e-01
9.925554394721984863e-01
9.993276596069335938e-01
9.876369237899780273e-01
9.521300792694091797e-01
9.825702309608459473e-01
9.444717168807983398e-01
8.791319727897644043e-01
9.998427629470825195e-01
9.810612201690673828e-01
9.608698487281799316e-01
4.969315528869628906e-01
8.951234221458435059e-01
9.246765375137329102e-01
7.969351410865783691e-01
8.954793810844421387e-01
8.922772407531738281e-01
9.821666479110717773e-01
9.567871093750000000e-01
6.971877813339233398e-01
3.893809160217642784e-03
2.160698873922228813e-03
2.315249480307102203e-02
6.332715600728988647e-02
1.663741171360015869e-01
1.116917505860328674e-01
5.017589330673217773e-01
5.616143345832824707e-01
9.999439716339111328e-01
9.528589248657226562e-01
7.369482517242431641e-01
8.737647533416748047e-01
7.702931761741638184e-01
2.733168303966522217e-01
4.893486201763153076e-02
8.995118696475401521e-05
2.166155027225613594e-04
3.993817372247576714e-04
4.866342060267925262e-04
5.200305022299289703e-04
1.544855535030364990e-02
1.242226362228393555e-02
3.701275214552879333e-02
6.454408168792724609e-02
1.544855535030364990e-02
1.242226362228393555e-02
9.999439716339111328e-01
9.794185161590576172e-01
9.098353385925292969e-01
8.798453211784362793e-01
6.751764416694641113e-01
1.510368436574935913e-01
8.693157136440277100e-02
2.475870251655578613e-01
5.728214979171752930e-01
3.534040588419884443e-04
3.468403156148269773e-05
3.226988337701186538e-05
9.936400055885314941e-01
9.321057796478271484e-01
7.415860295295715332e-01
1.340304762125015259e-01
1.040568202733993530e-02
5.979496520012617111e-03
9.922252893447875977e-01
8.471290469169616699e-01
8.013738393783569336e-01
7.916815876960754395e-01
1.052236650139093399e-03
2.291327837156131864e-05
9.821666479110717773e-01
9.185010194778442383e-01
8.745846152305603027e-01
8.757970929145812988e-01
8.783223032951354980e-01
8.794592618942260742e-01
8.798490762710571289e-01
9.939056038856506348e-01
9.126448631286621094e-01
6.694908738136291504e-01
5.657416582107543945e-01
5.293981432914733887e-01
9.993276596069335938e-01
9.991385936737060547e-01
9.998427629470825195e-01
9.982294440269470215e-01
9.965965151786804199e-01
9.986162185668945312e-01
9.782009124755859375e-01
3.105828762054443359e-01
3.568859696388244629e-01
3.338991403579711914e-01
5.677153468132019043e-01
2.081599319353699684e-03
9.720416665077209473e-01
9.685798883438110352e-01
9.581372141838073730e-01
9.286755919456481934e-01
7.707350850105285645e-01
9.221684932708740234e-01
9.936400055885314941e-01
9.925554394721984863e-01
9.993276596069335938e-01
9.876369237899780273e-01
9.521300792694091797e-01
9.825702309608459473e-01
5.858930945396423340e-01
1.443487107753753662e-01
9.998427629470825195e-01
9.810612201690673828e-01
9.608698487281799316e-01
9.521259665489196777e-01
9.963829517364501953e-01
9.907201528549194336e-01
9.036135673522949219e-01
9.112296700477600098e-01
2.686207881197333336e-03
9.821666479110717773e-01
9.567871093750000000e-01
2.184184789657592773e-01
9.188717603683471680e-01
2.419954864308238029e-03
2.439995296299457550e-03
2.492360211908817291e-02
1.387328505516052246e-01
9.809590131044387817e-02
5.001156926155090332e-01
5.615199804306030273e-01
9.999439716339111328e-01
9.528589248657226562e-01
7.369482517242431641e-01
8.737647533416748047e-01
6.002317070960998535e-01
9.180783033370971680e-01
8.839638829231262207e-01
9.330159425735473633e-01
7.310193777084350586e-01
6.050350666046142578e-01
3.352344408631324768e-02
1.904696342535316944e-03
1.544855535030364990e-02
1.242226362228393555e-02
3.701275214552879333e-02
6.454408168792724609e-02
1.544855535030364990e-02
1.242226362228393555e-02
9.999439716339111328e-01
9.794185161590576172e-01
9.098353385925292969e-01
8.798453211784362793e-01
8.674222230911254883e-01
6.695917248725891113e-01
1.518962681293487549e-01
2.834957540035247803e-01
6.151096224784851074e-01
7.856953144073486328e-01
8.349265456199645996e-01
8.562982082366943359e-01
9.936400055885314941e-01
9.321057796478271484e-01
7.415860295295715332e-01
7.437988519668579102e-01
1.666487306356430054e-01
1.071507763117551804e-02
9.922252893447875977e-01
8.471290469169616699e-01
8.013738393783569336e-01
7.916815876960754395e-01
7.870372533798217773e-01
1.317690475843846798e-03
9.821666479110717773e-01
9.185010194778442383e-01
8.745846152305603027e-01
8.757970929145812988e-01
8.783223032951354980e-01
8.794592618942260742e-01
8.798490762710571289e-01
9.939056038856506348e-01
9.126448631286621094e-01
6.694908738136291504e-01
5.657416582107543945e-01
5.293981432914733887e-01
9.993276596069335938e-01
9.991385936737060547e-01
9.998427629470825195e-01
9.982294440269470215e-01
9.965965151786804199e-01
9.986162185668945312e-01
9.782009124755859375e-01
3.105828762054443359e-01
3.568859696388244629e-01
3.338991403579711914e-01
5.677153468132019043e-01
2.081599319353699684e-03
9.720416665077209473e-01
9.685798883438110352e-01
9.581372141838073730e-01
9.286755919456481934e-01
7.707350850105285645e-01
9.221684932708740234e-01
9.936400055885314941e-01
9.925554394721984863e-01
9.993276596069335938e-01
9.876369237899780273e-01
9.521300792694091797e-01
9.825702309608459473e-01
5.858930945396423340e-01
1.443487107753753662e-01
9.998427629470825195e-01
9.810612201690673828e-01
9.608698487281799316e-01
4.969315528869628906e-01
8.951234221458435059e-01
9.246765375137329102e-01
7.969351410865783691e-01
8.954793810844421387e-01
2.205574652180075645e-03
9.821666479110717773e-01
5.996363982558250427e-02
2.184184789657592773e-01
1.696328748948872089e-03
2.200706629082560539e-03
2.223435556516051292e-03
2.456404641270637512e-02
1.379217952489852905e-01
9.772553294897079468e-02
4.999210834503173828e-01
9.027160558616742492e-05
9.999439716339111328e-01
9.528589248657226562e-01
7.369482517242431641e-01
8.737647533416748047e-01
7.702931761741638184e-01
2.733168303966522217e-01
4.893486201763153076e-02
8.995118696475401521e-05
2.166155027225613594e-04
3.993817372247576714e-04
4.866342060267925262e-04
5.200305022299289703e-04
1.544855535030364990e-02
1.242226362228393555e-02
3.701275214552879333e-02
6.454408168792724609e-02
1.544855535030364990e-02
1.242226362228393555e-02
9.999439716339111328e-01
9.794185161590576172e-01
9.098353385925292969e-01
8.798453211784362793e-01
8.674222230911254883e-01
8.609643578529357910e-01
8.575466275215148926e-01
2.071565203368663788e-02
2.906018635258078575e-04
9.160425543086603284e-05
5.165462425793521106e-05
4.026466558570973575e-05
9.936400055885314941e-01
9.321057796478271484e-01
7.415860295295715332e-01
7.437988519668579102e-01
7.493210434913635254e-01
1.808067858219146729e-01
9.922252893447875977e-01
8.471290469169616699e-01
8.013738393783569336e-01
6.480980082415044308e-04
2.272714300488587469e-05
1.743934444675687701e-05
9.821666479110717773e-01
9.185010194778442383e-01
8.745846152305603027e-01
8.757970929145812988e-01
8.783223032951354980e-01
8.794592618942260742e-01
8.062420040369033813e-02
5.704150199890136719e-01
5.465713143348693848e-01
5.117913484573364258e-01
5.039752721786499023e-01
5.009773373603820801e-01
9.993276596069335938e-01
9.991385936737060547e-01
9.998427629470825195e-01
5.894971489906311035e-01
7.443799078464508057e-02
1.790265960153192282e-04
9.782009124755859375e-01
1.630350388586521149e-02
3.568859696388244629e-01
3.338991403579711914e-01
5.677153468132019043e-01
2.081599319353699684e-03
9.720416665077209473e-01
9.685798883438110352e-01
9.581372141838073730e-01
9.286755919456481934e-01
8.800935149192810059e-01
9.420418739318847656e-01
9.936400055885314941e-01
9.925554394721984863e-01
9.993276596069335938e-01
9.876369237899780273e-01
9.614791870117187500e-01
9.838629961013793945e-01
5.858930945396423340e-01
1.443487107753753662e-01
9.998427629470825195e-01
9.810612201690673828e-01
9.608698487281799316e-01
9.521259665489196777e-01
9.963829517364501953e-01
9.907201528549194336e-01
9.036135673522949219e-01
9.112296700477600098e-01
8.972278833389282227e-01
9.821666479110717773e-01
9.567871093750000000e-01
1.809640675783157349e-01
8.539031744003295898e-01
8.860272169113159180e-01
8.262810111045837402e-01
6.853738427162170410e-01
2.824966013431549072e-01
3.010643422603607178e-01
5.156139731407165527e-01
1.638671819819137454e-04
9.999439716339111328e-01
9.528589248657226562e-01
7.369482517242431641e-01
8.737647533416748047e-01
6.002317070960998535e-01
9.180783033370971680e-01
8.839638829231262207e-01
9.330159425735473633e-01
7.310193777084350586e-01
6.050350666046142578e-01
5.492062568664550781e-01
3.660060837864875793e-02
1.544855535030364990e-02
1.242226362228393555e-02
3.701275214552879333e-02
6.454408168792724609e-02
1.544855535030364990e-02
1.242226362228393555e-02
9.999439716339111328e-01
9.794185161590576172e-01
9.098353385925292969e-01
8.798453211784362793e-01
8.674222230911254883e-01
6.695917248725891113e-01
1.518962681293487549e-01
2.834957540035247803e-01
6.151096224784851074e-01
7.856953144073486328e-01
8.349265456199645996e-01
8.562982082366943359e-01
9.936400055885314941e-01
9.321057796478271484e-01
7.415860295295715332e-01
7.437988519668579102e-01
7.493210434913635254e-01
1.808067858219146729e-01
9.922252893447875977e-01
8.471290469169616699e-01
8.013738393783569336e-01
7.916815876960754395e-01
7.870372533798217773e-01
7.845421433448791504e-01
9.821666479110717773e-01
9.185010194778442383e-01
8.745846152305603027e-01
8.757970929145812988e-01
8.783223032951354980e-01
8.018957078456878662e-02
4.776101559400558472e-03
2.212137132883071899e-01
3.950708210468292236e-01
4.528862833976745605e-01
4.772290289402008057e-01
4.877938330173492432e-01
9.993276596069335938e-01
9.991385936737060547e-01
9.998427629470825195e-01
9.982294440269470215e-01
9.965965151786804199e-01
9.986162185668945312e-01
9.782009124755859375e-01
3.105828762054443359e-01
3.568859696388244629e-01
3.338991403579711914e-01
5.724358488805592060e-04
9.703727118903771043e-05
9.720416665077209473e-01
9.685798883438110352e-01
9.581372141838073730e-01
9.286755919456481934e-01
7.707350850105285645e-01
5.418533459305763245e-03
9.936400055885314941e-01
9.925554394721984863e-01
9.993276596069335938e-01
9.876369237899780273e-01
7.320473087020218372e-04
8.965351581573486328e-01
9.444717168807983398e-01
8.791319727897644043e-01
9.998427629470825195e-01
4.979676604270935059e-01
9.779126942157745361e-02
7.207320630550384521e-02
1.006627175956964493e-02
1.060427650809288025e-01
8.487138897180557251e-02
4.871043562889099121e-01
1.755045377649366856e-03
9.821666479110717773e-01
9.567871093750000000e-01
7.087730765342712402e-01
2.415051218122243881e-03
1.943778945133090019e-03
1.427217852324247360e-03
2.070026844739913940e-02
1.327049732208251953e-01
9.589938074350357056e-02
5.866969786438858137e-06
5.000045348424464464e-06
9.999439716339111328e-01
9.528589248657226562e-01
7.369482517242431641e-01
8.737647533416748047e-01
6.002317070960998535e-01
2.100298702716827393e-01
4.361310228705406189e-02
2.639127969741821289e-01
1.220192387700080872e-01
2.573752105236053467e-01
3.670947253704071045e-01
4.269125163555145264e-01
1.544855535030364990e-02
1.242226362228393555e-02
3.701275214552879333e-02
6.454408168792724609e-02
1.544855535030364990e-02
1.242226362228393555e-02
9.999439716339111328e-01
9.794185161590576172e-01
9.098353385925292969e-01
8.798453211784362793e-01
6.751764416694641113e-01
1.510368436574935913e-01
8.693157136440277100e-02
2.475870251655578613e-01
5.728214979171752930e-01
3.534040588419884443e-04
3.468403156148269773e-05
3.226988337701186538e-05
9.936400055885314941e-01
9.321057796478271484e-01
7.415860295295715332e-01
1.340304762125015259e-01
1.040568202733993530e-02
5.979496520012617111e-03
9.922252893447875977e-01
8.471290469169616699e-01
8.013738393783569336e-01
7.916815876960754395e-01
1.052236650139093399e-03
2.291327837156131864e-05
9.821666479110717773e-01
9.185010194778442383e-01
8.745846152305603027e-01
8.757970929145812988e-01
7.742812484502792358e-02
4.423262085765600204e-03
1.778887701220810413e-03
1.232076319865882397e-04
3.812618888332508504e-05
3.796212695306167006e-05
3.938827285310253501e-05
4.000196349807083607e-05
9.993276596069335938e-01
9.991385936737060547e-01
9.998427629470825195e-01
9.982294440269470215e-01
9.965965151786804199e-01
9.986162185668945312e-01
9.782009124755859375e-01
3.105828762054443359e-01
3.568859696388244629e-01
3.338991403579711914e-01
5.724358488805592060e-04
9.703727118903771043e-05
9.720416665077209473e-01
9.685798883438110352e-01
9.581372141838073730e-01
8.925086855888366699e-01
8.651251196861267090e-01
9.205024838447570801e-01
9.936400055885314941e-01
6.865243911743164062e-01
9.993276596069335938e-01
2.150675095617771149e-02
9.564056396484375000e-01
9.836713671684265137e-01
1.765770614147186279e-01
3.052230179309844971e-02
9.998427629470825195e-01
9.810612201690673828e-01
4.962634444236755371e-01
9.178832173347473145e-02
2.565863355994224548e-02
1.360809355974197388e-01
9.475824981927871704e-02
4.967515766620635986e-01
1.844179816544055939e-03
9.821666479110717773e-01
9.567871093750000000e-01
8.056154102087020874e-02
8.985592126846313477e-01
1.989225856959819794e-03
1.458863145671784878e-03
9.678044915199279785e-02
6.571604609489440918e-01
3.697048127651214600e-01
2.066878732875920832e-05
5.745032922277459875e-06
9.999439716339111328e-01
9.528589248657226562e-01
3.686208426952362061e-01
3.466793000698089600e-01
3.478398323059082031e-01
1.413326412439346313e-01
3.686719015240669250e-02
1.252586662303656340e-04
2.315238962182775140e-04
4.066012334078550339e-04
4.860783519688993692e-04
5.181286251172423363e-04
1.544855535030364990e-02
1.242226362228393555e-02
3.701275214552879333e-02
6.454408168792724609e-02
1.544855535030364990e-02
7.979717338457703590e-05
9.999439716339111328e-01
9.794185161590576172e-01
9.098353385925292969e-01
8.798453211784362793e-01
8.674222230911254883e-01
8.609643578529357910e-01
8.575466275215148926e-01
6.041293740272521973e-01
8.302617669105529785e-01
8.771937489509582520e-01
4.839907865971326828e-03
7.123828982003033161e-05
9.936400055885314941e-01
9.321057796478271484e-01
7.415860295295715332e-01
7.437988519668579102e-01
7.493210434913635254e-01
1.808067858219146729e-01
9.922252893447875977e-01
8.471290469169616699e-01
8.013738393783569336e-01
7.916815876960754395e-01
7.870372533798217773e-01
7.845421433448791504e-01
9.821666479110717773e-01
9.185010194778442383e-01
8.745846152305603027e-01
8.757970929145812988e-01
8.783223032951354980e-01
8.794592618942260742e-01
8.798490762710571289e-01
9.939056038856506348e-01
9.126448631286621094e-01
6.694908738136291504e-01
5.657416582107543945e-01
5.293981432914733887e-01
9.993276596069335938e-01
9.991385936737060547e-01
9.998427629470825195e-01
5.894971489906311035e-01
7.443799078464508057e-02
1.790265960153192282e-04
9.782009124755859375e-01
3.105828762054443359e-01
3.568859696388244629e-01
6.297195795923471451e-05
1.325190241914242506e-04
1.093178652809001505e-04
9.720416665077209473e-01
9.685798883438110352e-01
9.581372141838073730e-01
9.286755919456481934e-01
7.707350850105285645e-01
9.221684932708740234e-01
9.936400055885314941e-01
9.925554394721984863e-01
9.993276596069335938e-01
9.876369237899780273e-01
9.521300792694091797e-01
9.825702309608459473e-01
9.444717168807983398e-01
8.791319727897644043e-01
9.998427629470825195e-01
9.810612201690673828e-01
4.962634444236755371e-01
9.178832173347473145e-02
4.143962264060974121e-01
4.654271304607391357e-01
3.972209393978118896e-01
7.573412060737609863e-01
2.000842709094285965e-03
9.821666479110717773e-01
9.567871093750000000e-01
7.087730765342712402e-01
2.415051218122243881e-03
2.097877440974116325e-03
1.682212925516068935e-03
2.201865985989570618e-02
1.346083134412765503e-01
9.664543718099594116e-02
5.859265002072788775e-06
5.000732016924303025e-06
9.999439716339111328e-01
9.528589248657226562e-01
7.369482517242431641e-01
8.737647533416748047e-01
7.702931761741638184e-01
2.733168303966522217e-01
4.893486201763153076e-02
1.877241879701614380e-01
1.125107854604721069e-01
1.164894271641969681e-02
1.123971189372241497e-03
6.223004893399775028e-04
1.544855535030364990e-02
1.242226362228393555e-02
3.701275214552879333e-02
6.454408168792724609e-02
1.544855535030364990e-02
1.242226362228393555e-02
9.999439716339111328e-01
9.794185161590576172e-01
9.098353385925292969e-01
8.798453211784362793e-01
6.751764416694641113e-01
1.510368436574935913e-01
8.693157136440277100e-02
2.601789892651140690e-04
7.864115468692034483e-05
5.101845090393908322e-05
4.016851380583830178e-05
3.571349225239828229e-05
9.936400055885314941e-01
9.321057796478271484e-01
7.415860295295715332e-01
1.340304762125015259e-01
1.040568202733993530e-02
5.979496520012617111e-03
9.922252893447875977e-01
8.471290469169616699e-01
8.013738393783569336e-01
7.916815876960754395e-01
7.870372533798217773e-01
7.845421433448791504e-01
9.821666479110717773e-01
9.185010194778442383e-01
8.745846152305603027e-01
8.757970929145812988e-01
8.783223032951354980e-01
8.794592618942260742e-01
8.798490762710571289e-01
9.939056038856506348e-01
9.126448631286621094e-01
6.694908738136291504e-01
5.657416582107543945e-01
5.293981432914733887e-01
9.993276596069335938e-01
9.991385936737060547e-01
9.998427629470825195e-01
5.894971489906311035e-01
7.443799078464508057e-02
1.790265960153192282e-04
9.782009124755859375e-01
3.105828762054443359e-01
3.568859696388244629e-01
3.338991403579711914e-01
5.677153468132019043e-01
2.081599319353699684e-03
9.720416665077209473e-01
9.685798883438110352e-01
9.581372141838073730e-01
9.286755919456481934e-01
8.800935149192810059e-01
1.332969963550567627e-02
9.936400055885314941e-01
9.925554394721984863e-01
9.993276596069335938e-01
9.876369237899780273e-01
6.108924280852079391e-04
9.163517355918884277e-01
5.858930945396423340e-01
1.443487107753753662e-01
9.998427629470825195e-01
9.810612201690673828e-01
4.962634444236755371e-01
9.178832173347473145e-02
2.565863355994224548e-02
1.360809355974197388e-01
3.487027948722243309e-03
2.286788076162338257e-03
3.266031621024012566e-03
9.821666479110717773e-01
9.567871093750000000e-01
1.809640675783157349e-01
1.343695912510156631e-03
3.754468169063329697e-03
3.050716186407953501e-04
4.883960261940956116e-02
1.807610392570495605e-01
1.298843653785297647e-05
3.640860541054280475e-06
5.372014584281714633e-06
9.999439716339111328e-01
7.076461911201477051e-01
1.417239606380462646e-01
1.554253995418548584e-01
3.005997538566589355e-01
1.393946260213851929e-01
3.508124500513076782e-02
1.257729454664513469e-04
2.263419883092865348e-04
4.028998082503676414e-04
4.840291512664407492e-04
5.169959040358662605e-04
1.544855535030364990e-02
1.242226362228393555e-02
3.701275214552879333e-02
6.454408168792724609e-02
1.544855535030364990e-02
1.242226362228393555e-02
9.999439716339111328e-01
9.794185161590576172e-01
9.098353385925292969e-01
8.798453211784362793e-01
8.674222230911254883e-01
8.609643578529357910e-01
8.575466275215148926e-01
2.071565203368663788e-02
2.906018635258078575e-04
9.160425543086603284e-05
5.165462425793521106e-05
4.026466558570973575e-05
9.936400055885314941e-01
3.849033415317535400e-01
3.796728327870368958e-02
1.483073644340038300e-02
9.717264212667942047e-03
8.044689893722534180e-03
9.922252893447875977e-01
8.471290469169616699e-01
8.013738393783569336e-01
7.916815876960754395e-01
7.870372533798217773e-01
1.317690475843846798e-03
9.821666479110717773e-01
9.185010194778442383e-01
8.745846152305603027e-01
8.757970929145812988e-01
8.783223032951354980e-01
8.018957078456878662e-02
4.776101559400558472e-03
2.212137132883071899e-01
3.950708210468292236e-01
1.004892983473837376e-03
7.994851330295205116e-05
4.789849117514677346e-05
9.993276596069335938e-01
2.673048973083496094e-01
9.998427629470825195e-01
5.894971489906311035e-01
7.443799078464508057e-02
1.790265960153192282e-04
9.782009124755859375e-01
3.105828762054443359e-01
3.568859696388244629e-01
3.338991403579711914e-01
5.677153468132019043e-01
1.979161426424980164e-02
9.720416665077209473e-01
9.685798883438110352e-01
7.362527847290039062e-01
5.323543548583984375e-01
4.504994451999664307e-01
8.772130608558654785e-01
9.936400055885314941e-01
9.925554394721984863e-01
9.993276596069335938e-01
9.876369237899780273e-01
9.414864778518676758e-01
9.790011048316955566e-01
5.858930945396423340e-01
1.443487107753753662e-01
9.998427629470825195e-01
9.810612201690673828e-01
4.962634444236755371e-01
9.178832173347473145e-02
2.565863355994224548e-02
1.360809355974197388e-01
3.487027948722243309e-03
2.286788076162338257e-03
3.266031621024012566e-03
9.821666479110717773e-01
5.996363982558250427e-02
2.184184789657592773e-01
1.696328748948872089e-03
3.754468169063329697e-03
6.153269787319004536e-04
9.775351732969284058e-03
1.187415271997451782e-01
8.807822316884994507e-02
4.972873032093048096e-01
5.610132217407226562e-01
9.999439716339111328e-01
7.076461911201477051e-01
1.417239606380462646e-01
4.031974971294403076e-01
4.044616520404815674e-01
2.148121297359466553e-01
4.074716195464134216e-02
8.714950672583654523e-05
2.009453455684706569e-04
3.872220986522734165e-04
4.798524023499339819e-04
5.163375171832740307e-04
1.544855535030364990e-02
1.242226362228393555e-02
3.701275214552879333e-02
1.223584549734368920e-04
1.544855535030364990e-02
7.979717338457703590e-05
9.999439716339111328e-01
9.794185161590576172e-01
9.098353385925292969e-01
8.798453211784362793e-01
6.751764416694641113e-01
1.510368436574935913e-01
8.693157136440277100e-02
2.601789892651140690e-04
7.864115468692034483e-05
5.101845090393908322e-05
4.016851380583830178e-05
3.571349225239828229e-05
9.936400055885314941e-01
9.321057796478271484e-01
7.415860295295715332e-01
1.340304762125015259e-01
1.040568202733993530e-02
5.979496520012617111e-03
9.922252893447875977e-01
8.471290469169616699e-01
8.013738393783569336e-01
7.916815876960754395e-01
7.870372533798217773e-01
1.317690475843846798e-03
9.821666479110717773e-01
9.185010194778442383e-01
8.745846152305603027e-01
8.757970929145812988e-01
7.742812484502792358e-02
4.423262085765600204e-03
1.778887701220810413e-03
1.688293516635894775e-01
4.227048193570226431e-04
5.873934787814505398e-05
4.396981239551678300e-05
4.143441765336319804e-05
9.993276596069335938e-01
9.991385936737060547e-01
9.998427629470825195e-01
5.894971489906311035e-01
7.443799078464508057e-02
1.790265960153192282e-04
9.782009124755859375e-01
3.105828762054443359e-01
3.568859696388244629e-01
6.297195795923471451e-05
1.325190241914242506e-04
1.093178652809001505e-04
9.720416665077209473e-01
9.685798883438110352e-01
9.581372141838073730e-01
9.286755919456481934e-01
7.707350850105285645e-01
9.221684932708740234e-01
9.936400055885314941e-01
9.925554394721984863e-01
9.993276596069335938e-01
9.876369237899780273e-01
9.521300792694091797e-01
9.825702309608459473e-01
5.858930945396423340e-01
1.443487107753753662e-01
9.998427629470825195e-01
9.810612201690673828e-01
4.962634444236755371e-01
9.178832173347473145e-02
2.565863355994224548e-02
1.360809355974197388e-01
9.475824981927871704e-02
4.967515766620635986e-01
1.844179816544055939e-03
9.821666479110717773e-01
9.567871093750000000e-01
2.184184789657592773e-01
1.696328748948872089e-03
1.989225856959819794e-03
1.458863145671784878e-03
2.077015861868858337e-02
1.328988820314407349e-01
1.075310046871891245e-05
3.724972657437319867e-06
5.519231308426242322e-06
9.999439716339111328e-01
9.528589248657226562e-01
3.686208426952362061e-01
3.466793000698089600e-01
3.478398323059082031e-01
1.413326412439346313e-01
3.686719015240669250e-02
1.310155838727951050e-01
1.097850278019905090e-01
1.176876667886972427e-02
1.111908582970499992e-03
6.185751408338546753e-04
1.544855535030364990e-02
1.242226362228393555e-02
3.701275214552879333e-02
6.454408168792724609e-02
1.544855535030364990e-02
7.979717338457703590e-05
9.999439716339111328e-01
9.794185161590576172e-01
9.098353385925292969e-01
8.798453211784362793e-01
6.751764416694641113e-01
1.510368436574935913e-01
8.693157136440277100e-02
2.475870251655578613e-01
5.728214979171752930e-01
3.534040588419884443e-04
3.468403156148269773e-05
3.226988337701186538e-05
9.936400055885314941e-01
9.321057796478271484e-01
7.415860295295715332e-01
1.340304762125015259e-01
1.040568202733993530e-02
5.979496520012617111e-03
9.922252893447875977e-01
8.471290469169616699e-01
8.013738393783569336e-01
7.916815876960754395e-01
7.870372533798217773e-01
1.317690475843846798e-03
9.821666479110717773e-01
9.185010194778442383e-01
8.745846152305603027e-01
8.757970929145812988e-01
8.783223032951354980e-01
8.018957078456878662e-02
4.776101559400558472e-03
2.212137132883071899e-01
3.950708210468292236e-01
4.528862833976745605e-01
1.358995563350617886e-03
9.898023563437163830e-05
9.993276596069335938e-01
9.991385936737060547e-01
9.998427629470825195e-01
5.894971489906311035e-01
7.443799078464508057e-02
1.790265960153192282e-04
9.782009124755859375e-01
3.105828762054443359e-01
3.568859696388244629e-01
3.338991403579711914e-01
5.724358488805592060e-04
4.726318293251097202e-04
9.720416665077209473e-01
9.685798883438110352e-01
9.581372141838073730e-01
9.286755919456481934e-01
7.707350850105285645e-01
9.221684932708740234e-01
9.936400055885314941e-01
9.925554394721984863e-01
9.993276596069335938e-01
9.876369237899780273e-01
6.182591896504163742e-03
9.096444249153137207e-01
5.858930945396423340e-01
1.443487107753753662e-01
9.998427629470825195e-01
9.810612201690673828e-01
9.608698487281799316e-01
9.521259665489196777e-01
9.963829517364501953e-01
9.907201528549194336e-01
9.036135673522949219e-01
9.112296700477600098e-01
2.686207881197333336e-03
9.821666479110717773e-01
9.567871093750000000e-01
2.184184789657592773e-01
1.696328748948872089e-03
2.419954864308238029e-03
2.439995296299457550e-03
2.492360211908817291e-02
1.387328505516052246e-01
9.809590131044387817e-02
5.850609795743366703e-06
5.004615559300873429e-06
9.999439716339111328e-01
7.076461911201477051e-01
1.417239606380462646e-01
4.031974971294403076e-01
4.540031850337982178e-01
8.541603684425354004e-01
1.370689719915390015e-01
2.344254255294799805e-01
2.443171292543411255e-01
1.470563001930713654e-02
1.179934595711529255e-03
6.329622701741755009e-04
1.544855535030364990e-02
1.242226362228393555e-02
3.701275214552879333e-02
6.454408168792724609e-02
1.544855535030364990e-02
7.979717338457703590e-05
9.999439716339111328e-01
9.794185161590576172e-01
9.098353385925292969e-01
8.798453211784362793e-01
8.674222230911254883e-01
6.695917248725891113e-01
1.518962681293487549e-01
2.834957540035247803e-01
6.151096224784851074e-01
4.664121661335229874e-04
3.776145240408368409e-05
3.326117075630463660e-05
9.936400055885314941e-01
9.321057796478271484e-01
1.093751415610313416e-01
1.288441196084022522e-02
7.649612613022327423e-03
6.710124202072620392e-03
9.922252893447875977e-01
8.471290469169616699e-01
8.013738393783569336e-01
7.916815876960754395e-01
7.870372533798217773e-01
7.845421433448791504e-01
9.821666479110717773e-01
9.185010194778442383e-01
8.745846152305603027e-01
8.757970929145812988e-01
8.783223032951354980e-01
8.794592618942260742e-01
8.798490762710571289e-01
9.939056038856506348e-01
9.126448631286621094e-01
6.694908738136291504e-01
5.657416582107543945e-01
5.293981432914733887e-01
9.993276596069335938e-01
9.991385936737060547e-01
9.998427629470825195e-01
5.894971489906311035e-01
7.443799078464508057e-02
1.790265960153192282e-04
9.782009124755859375e-01
3.105828762054443359e-01
3.568859696388244629e-01
3.338991403579711914e-01
5.724358488805592060e-04
9.703727118903771043e-05
9.720416665077209473e-01
9.685798883438110352e-01
9.581372141838073730e-01
9.286755919456481934e-01
7.707350850105285645e-01
9.221684932708740234e-01
9.936400055885314941e-01
9.925554394721984863e-01
9.993276596069335938e-01
9.876369237899780273e-01
9.521300792694091797e-01
9.825702309608459473e-01
5.858930945396423340e-01
1.443487107753753662e-01
9.998427629470825195e-01
9.810612201690673828e-01
9.608698487281799316e-01
4.969315528869628906e-01
8.951234221458435059e-01
9.246765375137329102e-01
7.969351410865783691e-01
8.954793810844421387e-01
2.205574652180075645e-03
9.821666479110717773e-01
5.996363982558250427e-02
2.184184789657592773e-01
1.696328748948872089e-03
2.200706629082560539e-03
2.223435556516051292e-03
2.456404641270637512e-02
1.379217952489852905e-01
9.772553294897079468e-02
4.999210834503173828e-01
5.614264011383056641e-01
9.999439716339111328e-01
9.528589248657226562e-01
7.369482517242431641e-01
8.737647533416748047e-01
6.002317070960998535e-01
9.180783033370971680e-01
8.839638829231262207e-01
9.330159425735473633e-01
7.310193777084350586e-01
6.050350666046142578e-01
3.352344408631324768e-02
1.904696342535316944e-03
1.544855535030364990e-02
1.242226362228393555e-02
3.701275214552879333e-02
6.454408168792724609e-02
1.544855535030364990e-02
1.242226362228393555e-02
9.999439716339111328e-01
9.794185161590576172e-01
9.098353385925292969e-01
8.798453211784362793e-01
8.674222230911254883e-01
6.695917248725891113e-01
1.518962681293487549e-01
2.834957540035247803e-01
6.151096224784851074e-01
7.856953144073486328e-01
1.638373243622481823e-03
4.679624908021651208e-05
9.936400055885314941e-01
9.321057796478271484e-01
7.415860295295715332e-01
7.437988519668579102e-01
7.493210434913635254e-01
1.808067858219146729e-01
9.922252893447875977e-01
8.471290469169616699e-01
8.013738393783569336e-01
7.916815876960754395e-01
7.870372533798217773e-01
1.317690475843846798e-03
9.821666479110717773e-01
9.185010194778442383e-01
8.745846152305603027e-01
8.757970929145812988e-01
8.783223032951354980e-01
8.794592618942260742e-01
8.798490762710571289e-01
9.939056038856506348e-01
9.126448631286621094e-01
6.694908738136291504e-01
5.657416582107543945e-01
1.474216696806252003e-03
9.993276596069335938e-01
9.991385936737060547e-01
9.998427629470825195e-01
5.894971489906311035e-01
7.443799078464508057e-02
1.790265960153192282e-04
9.782009124755859375e-01
3.105828762054443359e-01
3.568859696388244629e-01
3.338991403579711914e-01
5.724358488805592060e-04
9.703727118903771043e-05
9.720416665077209473e-01
9.685798883438110352e-01
9.581372141838073730e-01
9.286755919456481934e-01
7.707350850105285645e-01
9.221684932708740234e-01
9.936400055885314941e-01
9.925554394721984863e-01
9.993276596069335938e-01
9.876369237899780273e-01
9.521300792694091797e-01
9.825702309608459473e-01
5.858930945396423340e-01
1.443487107753753662e-01
9.998427629470825195e-01
9.810612201690673828e-01
4.962634444236755371e-01
9.178832173347473145e-02
2.565863355994224548e-02
1.360809355974197388e-01
9.475824981927871704e-02
4.967515766620635986e-01
1.844179816544055939e-03
9.821666479110717773e-01
9.567871093750000000e-01
2.184184789657592773e-01
1.696328748948872089e-03
1.989225856959819794e-03
1.458863145671784878e-03
2.077015861868858337e-02
1.328988820314407349e-01
9.599845856428146362e-02
4.983986914157867432e-01
5.610316991806030273e-01
9.999439716339111328e-01
7.076461911201477051e-01
1.417239606380462646e-01
4.031974971294403076e-01
4.540031850337982178e-01
8.541603684425354004e-01
8.627063632011413574e-01
9.167571067810058594e-01
7.105564475059509277e-01
2.473589405417442322e-02
1.367421471513807774e-03
6.669946596957743168e-04
1.544855535030364990e-02
1.242226362228393555e-02
3.701275214552879333e-02
6.454408168792724609e-02
1.544855535030364990e-02
1.242226362228393555e-02
9.999439716339111328e-01
9.794185161590576172e-01
9.098353385925292969e-01
8.798453211784362793e-01
8.674222230911254883e-01
8.609643578529357910e-01
8.575466275215148926e-01
6.041293740272521973e-01
8.302617669105529785e-01
3.356252796947956085e-03
7.548322173533961177e-05
4.102633101865649223e-05
9.936400055885314941e-01
9.321057796478271484e-01
7.415860295295715332e-01
1.340304762125015259e-01
1.040568202733993530e-02
5.979496520012617111e-03
9.922252893447875977e-01
8.471290469169616699e-01
8.013738393783569336e-01
7.916815876960754395e-01
7.870372533798217773e-01
1.317690475843846798e-03
9.821666479110717773e-01
9.185010194778442383e-01
8.745846152305603027e-01
8.757970929145812988e-01
8.783223032951354980e-01
8.794592618942260742e-01
8.798490762710571289e-01
9.939056038856506348e-01
9.126448631286621094e-01
6.694908738136291504e-01
5.657416582107543945e-01
5.293981432914733887e-01
9.993276596069335938e-01
9.991385936737060547e-01
9.998427629470825195e-01
5.894971489906311035e-01
7.443799078464508057e-02
1.790265960153192282e-04
9.782009124755859375e-01
3.105828762054443359e-01
3.568859696388244629e-01
3.338991403579711914e-01
5.677153468132019043e-01
2.081599319353699684e-03
9.720416665077209473e-01
9.685798883438110352e-01
9.581372141838073730e-01
9.286755919456481934e-01
7.707350850105285645e-01
9.221684932708740234e-01
9.936400055885314941e-01
9.925554394721984863e-01
9.993276596069335938e-01
9.876369237899780273e-01
6.182591896504163742e-03
9.096444249153137207e-01
5.858930945396423340e-01
1.443487107753753662e-01
9.998427629470825195e-01
9.810612201690673828e-01
4.962634444236755371e-01
9.178832173347473145e-02
4.143962264060974121e-01
4.654271304607391357e-01
3.972209393978118896e-01
7.573412060737609863e-01
2.000842709094285965e-03
9.821666479110717773e-01
9.567871093750000000e-01
2.184184789657592773e-01
9.188717603683471680e-01
2.097877440974116325e-03
1.682212925516068935e-03
1.005276516079902649e-01
1.266893893480300903e-01
2.169991880655288696e-01
5.081806778907775879e-01
1.481538638472557068e-04
9.999439716339111328e-01
9.528589248657226562e-01
7.369482517242431641e-01
8.737647533416748047e-01
6.002317070960998535e-01
2.100298702716827393e-01
4.361310228705406189e-02
2.639127969741821289e-01
1.220192387700080872e-01
1.111239288002252579e-02
1.120391301810741425e-03
6.226428085938096046e-04
1.544855535030364990e-02
1.242226362228393555e-02
3.701275214552879333e-02
6.454408168792724609e-02
1.544855535030364990e-02
1.242226362228393555e-02
9.999439716339111328e-01
9.794185161590576172e-01
9.098353385925292969e-01
8.798453211784362793e-01
6.751764416694641113e-01
1.510368436574935913e-01
8.693157136440277100e-02
2.601789892651140690e-04
7.864115468692034483e-05
5.101845090393908322e-05
4.016851380583830178e-05
3.571349225239828229e-05
9.936400055885314941e-01
9.321057796478271484e-01
7.415860295295715332e-01
1.340304762125015259e-01
1.040568202733993530e-02
5.979496520012617111e-03
9.922252893447875977e-01
8.471290469169616699e-01
8.013738393783569336e-01
7.916815876960754395e-01
7.870372533798217773e-01
1.317690475843846798e-03
9.821666479110717773e-01
9.185010194778442383e-01
8.745846152305603027e-01
8.757970929145812988e-01
8.783223032951354980e-01
8.794592618942260742e-01
8.798490762710571289e-01
9.939056038856506348e-01
9.126448631286621094e-01
6.694908738136291504e-01
5.657416582107543945e-01
5.293981432914733887e-01
9.993276596069335938e-01
9.991385936737060547e-01
9.998427629470825195e-01
5.894971489906311035e-01
7.443799078464508057e-02
1.790265960153192282e-04
9.782009124755859375e-01
3.105828762054443359e-01
3.568859696388244629e-01
3.338991403579711914e-01
5.724358488805592060e-04
9.703727118903771043e-05
9.720416665077209473e-01
9.685798883438110352e-01
9.581372141838073730e-01
9.286755919456481934e-01
7.707350850105285645e-01
9.221684932708740234e-01
9.936400055885314941e-01
9.925554394721984863e-01
9.993276596069335938e-01
9.876369237899780273e-01
9.521300792694091797e-01
9.825702309608459473e-01
5.858930945396423340e-01
1.443487107753753662e-01
9.998427629470825195e-01
9.810612201690673828e-01
9.608698487281799316e-01
4.969315528869628906e-01
8.951234221458435059e-01
9.246765375137329102e-01
7.969351410865783691e-01
8.954793810844421387e-01
2.205574652180075645e-03
9.821666479110717773e-01
9.567871093750000000e-01
1.809640675783157349e-01
1.343695912510156631e-03
2.200706629082560539e-03
2.223435556516051292e-03
2.456404641270637512e-02
1.379217952489852905e-01
9.772553294897079468e-02
4.999210834503173828e-01
9.027160558616742492e-05
9.999439716339111328e-01
9.528589248657226562e-01
7.369482517242431641e-01
8.737647533416748047e-01
6.002317070960998535e-01
2.100298702716827393e-01
4.361310228705406189e-02
2.639127969741821289e-01
1.220192387700080872e-01
2.573752105236053467e-01
3.670947253704071045e-01
4.269125163555145264e-01
1.544855535030364990e-02
1.242226362228393555e-02
3.701275214552879333e-02
6.454408168792724609e-02
1.544855535030364990e-02
1.242226362228393555e-02
9.999439716339111328e-01
9.794185161590576172e-01
9.098353385925292969e-01
8.798453211784362793e-01
6.751764416694641113e-01
1.510368436574935913e-01
8.693157136440277100e-02
2.475870251655578613e-01
5.728214979171752930e-01
3.534040588419884443e-04
3.468403156148269773e-05
3.226988337701186538e-05
9.936400055885314941e-01
9.321057796478271484e-01
7.415860295295715332e-01
1.340304762125015259e-01
1.040568202733993530e-02
5.979496520012617111e-03
9.922252893447875977e-01
8.471290469169616699e-01
8.013738393783569336e-01
7.916815876960754395e-01
1.052236650139093399e-03
2.291327837156131864e-05
9.821666479110717773e-01
9.185010194778442383e-01
8.745846152305603027e-01
8.757970929145812988e-01
8.783223032951354980e-01
8.794592618942260742e-01
8.798490762710571289e-01
9.939056038856506348e-01
9.126448631286621094e-01
6.694908738136291504e-01
5.657416582107543945e-01
5.293981432914733887e-01
9.993276596069335938e-01
9.991385936737060547e-01
9.998427629470825195e-01
9.982294440269470215e-01
8.161086440086364746e-01
2.011847827816382051e-04
9.782009124755859375e-01
3.105828762054443359e-01
3.568859696388244629e-01
3.338991403579711914e-01
5.724358488805592060e-04
9.703727118903771043e-05
9.720416665077209473e-01
9.685798883438110352e-01
9.581372141838073730e-01
9.286755919456481934e-01
7.707350850105285645e-01
9.221684932708740234e-01
9.936400055885314941e-01
9.925554394721984863e-01
9.993276596069335938e-01
9.876369237899780273e-01
9.521300792694091797e-01
9.825702309608459473e-01
9.444717168807983398e-01
8.791319727897644043e-01
9.998427629470825195e-01
9.810612201690673828e-01
9.608698487281799316e-01
4.969315528869628906e-01
8.951234221458435059e-01
9.246765375137329102e-01
3.922145813703536987e-02
4.960154648870229721e-03
4.699543118476867676e-03
9.821666479110717773e-01
9.567871093750000000e-01
7.087730765342712402e-01
9.359674453735351562e-01
4.569107666611671448e-03
3.483514301478862762e-04
5.597287788987159729e-02
1.866131275892257690e-01
5.296971648931503296e-02
4.924727082252502441e-01
6.970805407036095858e-05
9.999439716339111328e-01
7.076461911201477051e-01
1.417239606380462646e-01
4.031974971294403076e-01
4.044616520404815674e-01
8.493106365203857422e-01
1.268953680992126465e-01
1.458920596633106470e-04
2.902629494201391935e-04
4.409218090586364269e-04
5.005829734727740288e-04
5.252763512544333935e-04
1.544855535030364990e-02
1.242226362228393555e-02
3.701275214552879333e-02
6.454408168792724609e-02
1.544855535030364990e-02
1.242226362228393555e-02
9.999439716339111328e-01
9.794185161590576172e-01
9.098353385925292969e-01
8.798453211784362793e-01
8.674222230911254883e-01
8.609643578529357910e-01
8.575466275215148926e-01
2.071565203368663788e-02
2.906018635258078575e-04
9.160425543086603284e-05
5.165462425793521106e-05
4.026466558570973575e-05
9.936400055885314941e-01
3.849033415317535400e-01
3.796728327870368958e-02
1.483073644340038300e-02
9.717264212667942047e-03
8.044689893722534180e-03
9.922252893447875977e-01
8.471290469169616699e-01
8.013738393783569336e-01
7.916815876960754395e-01
7.870372533798217773e-01
1.317690475843846798e-03
9.821666479110717773e-01
9.185010194778442383e-01
8.745846152305603027e-01
8.757970929145812988e-01
8.783223032951354980e-01
8.794592618942260742e-01
8.798490762710571289e-01
9.939056038856506348e-01
9.126448631286621094e-01
6.694908738136291504e-01
5.657416582107543945e-01
5.293981432914733887e-01
9.993276596069335938e-01
2.673048973083496094e-01
9.998427629470825195e-01
5.894971489906311035e-01
7.443799078464508057e-02
1.790265960153192282e-04
9.782009124755859375e-01
3.105828762054443359e-01
3.568859696388244629e-01
3.338991403579711914e-01
5.677153468132019043e-01
2.081599319353699684e-03
9.720416665077209473e-01
9.685798883438110352e-01
9.581372141838073730e-01
9.286755919456481934e-01
8.800935149192810059e-01
9.420418739318847656e-01
9.936400055885314941e-01
9.925554394721984863e-01
9.993276596069335938e-01
9.876369237899780273e-01
9.614791870117187500e-01
9.838629961013793945e-01
5.858930945396423340e-01
1.443487107753753662e-01
9.998427629470825195e-01
9.810612201690673828e-01
9.608698487281799316e-01
4.969315528869628906e-01
8.951234221458435059e-01
9.246765375137329102e-01
7.969351410865783691e-01
8.954793810844421387e-01
8.922772407531738281e-01
9.821666479110717773e-01
5.996363982558250427e-02
1.809640675783157349e-01
1.343695912510156631e-03
2.160698873922228813e-03
2.315249480307102203e-02
6.332715600728988647e-02
1.663741171360015869e-01
1.116917505860328674e-01
5.017589330673217773e-01
9.338018571725115180e-05
9.999439716339111328e-01
9.528589248657226562e-01
3.686208426952362061e-01
5.041435360908508301e-01
5.377427339553833008e-01
8.691307306289672852e-01
9.277645945549011230e-01
8.688575625419616699e-01
6.384047865867614746e-01
5.530750751495361328e-01
5.212317109107971191e-01
3.629170730710029602e-02
1.544855535030364990e-02
1.242226362228393555e-02
3.701275214552879333e-02
6.454408168792724609e-02
1.544855535030364990e-02
7.979717338457703590e-05
9.999439716339111328e-01
9.794185161590576172e-01
9.098353385925292969e-01
8.798453211784362793e-01
8.674222230911254883e-01
6.695917248725891113e-01
1.518962681293487549e-01
2.020045940298587084e-04
8.036800863919779658e-05
5.374447937356308103e-05
4.141750832786783576e-05
3.632596781244501472e-05
9.936400055885314941e-01
9.321057796478271484e-01
7.415860295295715332e-01
7.437988519668579102e-01
7.493210434913635254e-01
1.808067858219146729e-01
9.922252893447875977e-01
8.471290469169616699e-01
8.013738393783569336e-01
7.916815876960754395e-01
1.052236650139093399e-03
2.291327837156131864e-05
9.821666479110717773e-01
9.185010194778442383e-01
8.745846152305603027e-01
8.757970929145812988e-01
8.783223032951354980e-01
8.018957078456878662e-02
4.776101559400558472e-03
2.212137132883071899e-01
3.950708210468292236e-01
4.528862833976745605e-01
4.772290289402008057e-01
4.877938330173492432e-01
9.993276596069335938e-01
9.991385936737060547e-01
9.998427629470825195e-01
9.982294440269470215e-01
9.965965151786804199e-01
6.941114366054534912e-02
9.782009124755859375e-01
3.105828762054443359e-01
3.568859696388244629e-01
3.338991403579711914e-01
5.677153468132019043e-01
1.979161426424980164e-02
9.720416665077209473e-01
9.685798883438110352e-01
9.581372141838073730e-01
9.286755919456481934e-01
7.707350850105285645e-01
9.221684932708740234e-01
9.936400055885314941e-01
9.925554394721984863e-01
9.993276596069335938e-01
9.876369237899780273e-01
9.521300792694091797e-01
9.825702309608459473e-01
9.444717168807983398e-01
8.791319727897644043e-01
9.998427629470825195e-01
4.979676604270935059e-01
9.779126942157745361e-02
7.207320630550384521e-02
1.006627175956964493e-02
1.060427650809288025e-01
2.968121320009231567e-03
2.139082411304116249e-03
3.156203310936689377e-03
9.821666479110717773e-01
9.567871093750000000e-01
7.087730765342712402e-01
2.415051218122243881e-03
3.690839512273669243e-03
6.039735162630677223e-04
9.737750515341758728e-03
1.185212507843971252e-01
9.704524018161464483e-06
3.634723498180392198e-06
5.446795512398239225e-06
9.999439716339111328e-01
7.076461911201477051e-01
1.417239606380462646e-01
1.554253995418548584e-01
3.005997538566589355e-01
1.393946260213851929e-01
3.508124500513076782e-02
1.233916729688644409e-01
1.104219853878021240e-01
2.464573532342910767e-01
3.548325002193450928e-01
3.143891319632530212e-02
1.544855535030364990e-02
1.242226362228393555e-02
3.701275214552879333e-02
6.454408168792724609e-02
1.544855535030364990e-02
1.242226362228393555e-02
9.999439716339111328e-01
9.794185161590576172e-01
9.098353385925292969e-01
8.798453211784362793e-01
8.674222230911254883e-01
8.609643578529357910e-01
8.575466275215148926e-01
6.041293740272521973e-01
8.302617669105529785e-01
3.356252796947956085e-03
7.548322173533961177e-05
4.102633101865649223e-05
9.936400055885314941e-01
9.321057796478271484e-01
7.415860295295715332e-01
1.340304762125015259e-01
1.040568202733993530e-02
5.979496520012617111e-03
9.922252893447875977e-01
8.471290469169616699e-01
8.013738393783569336e-01
7.916815876960754395e-01
7.870372533798217773e-01
7.845421433448791504e-01
9.821666479110717773e-01
9.185010194778442383e-01
8.745846152305603027e-01
8.757970929145812988e-01
8.783223032951354980e-01
8.794592618942260742e-01
8.062420040369033813e-02
5.704150199890136719e-01
5.465713143348693848e-01
5.117913484573364258e-01
5.039752721786499023e-01
5.009773373603820801e-01
9.993276596069335938e-01
9.991385936737060547e-01
9.998427629470825195e-01
5.894971489906311035e-01
7.443799078464508057e-02
1.790265960153192282e-04
9.782009124755859375e-01
3.105828762054443359e-01
3.568859696388244629e-01
6.297195795923471451e-05
1.325190241914242506e-04
1.093178652809001505e-04
9.720416665077209473e-01
9.685798883438110352e-01
9.581372141838073730e-01
9.286755919456481934e-01
8.800935149192810059e-01
9.420418739318847656e-01
9.936400055885314941e-01
9.925554394721984863e-01
9.993276596069335938e-01
9.876369237899780273e-01
3.288176842033863068e-03
9.228735566139221191e-01
5.858930945396423340e-01
1.443487107753753662e-01
9.998427629470825195e-01
9.810612201690673828e-01
9.608698487281799316e-01
4.969315528869628906e-01
8.951234221458435059e-01
9.246765375137329102e-01
7.969351410865783691e-01
8.954793810844421387e-01
2.205574652180075645e-03
9.821666479110717773e-01
9.567871093750000000e-01
2.184184789657592773e-01
1.696328748948872089e-03
2.200706629082560539e-03
2.223435556516051292e-03
2.456404641270637512e-02
1.379217952489852905e-01
9.772553294897079468e-02
4.999210834503173828e-01
5.614264011383056641e-01
9.999439716339111328e-01
9.528589248657226562e-01
3.686208426952362061e-01
5.041435360908508301e-01
5.377427339553833008e-01
2.432254403829574585e-01
4.358693957328796387e-02
1.680691540241241455e-01
1.135189458727836609e-01
1.151798199862241745e-02
1.109298551455140114e-03
6.189265986904501915e-04
1.544855535030364990e-02
1.242226362228393555e-02
3.701275214552879333e-02
6.454408168792724609e-02
1.544855535030364990e-02
1.242226362228393555e-02
9.999439716339111328e-01
9.794185161590576172e-01
9.098353385925292969e-01
8.798453211784362793e-01
8.674222230911254883e-01
8.609643578529357910e-01
8.575466275215148926e-01
2.071565203368663788e-02
2.906018635258078575e-04
9.160425543086603284e-05
5.165462425793521106e-05
4.026466558570973575e-05
9.936400055885314941e-01
9.321057796478271484e-01
7.415860295295715332e-01
7.437988519668579102e-01
1.666487306356430054e-01
1.071507763117551804e-02
9.922252893447875977e-01
8.471290469169616699e-01
8.013738393783569336e-01
7.916815876960754395e-01
7.870372533798217773e-01
7.845421433448791504e-01
9.821666479110717773e-01
9.185010194778442383e-01
8.745846152305603027e-01
8.757970929145812988e-01
8.783223032951354980e-01
8.794592618942260742e-01
8.062420040369033813e-02
5.704150199890136719e-01
5.465713143348693848e-01
5.117913484573364258e-01
5.039752721786499023e-01
5.009773373603820801e-01
9.993276596069335938e-01
2.673048973083496094e-01
9.998427629470825195e-01
5.894971489906311035e-01
7.443799078464508057e-02
1.790265960153192282e-04
9.782009124755859375e-01
1.630350388586521149e-02
3.568859696388244629e-01
6.297195795923471451e-05
1.325190241914242506e-04
1.093178652809001505e-04
9.720416665077209473e-01
9.685798883438110352e-01
9.581372141838073730e-01
8.925086855888366699e-01
8.651251196861267090e-01
9.205024838447570801e-01
9.936400055885314941e-01
9.925554394721984863e-01
9.993276596069335938e-01
9.876369237899780273e-01
9.564056396484375000e-01
9.836713671684265137e-01
5.858930945396423340e-01
1.443487107753753662e-01
9.998427629470825195e-01
9.810612201690673828e-01
4.962634444236755371e-01
9.178832173347473145e-02
2.565863355994224548e-02
1.360809355974197388e-01
3.487027948722243309e-03
2.286788076162338257e-03
3.266031621024012566e-03
9.821666479110717773e-01
9.567871093750000000e-01
2.184184789657592773e-01
1.696328748948872089e-03
3.754468169063329697e-03
3.050716186407953501e-04
4.883960261940956116e-02
1.807610392570495605e-01
5.182405933737754822e-02
4.901429414749145508e-01
6.991075497353449464e-05
9.999439716339111328e-01
7.076461911201477051e-01
1.417239606380462646e-01
4.031974971294403076e-01
4.044616520404815674e-01
2.148121297359466553e-01
4.074716195464134216e-02
1.578713804483413696e-01
1.136858984827995300e-01
1.143070869147777557e-02
1.101171597838401794e-03
6.170953274704515934e-04
1.544855535030364990e-02
1.242226362228393555e-02
3.701275214552879333e-02
6.454408168792724609e-02
1.544855535030364990e-02
7.979717338457703590e-05
9.999439716339111328e-01
9.794185161590576172e-01
9.098353385925292969e-01
8.798453211784362793e-01
8.674222230911254883e-01
8.609643578529357910e-01
8.575466275215148926e-01
2.071565203368663788e-02
2.906018635258078575e-04
9.160425543086603284e-05
5.165462425793521106e-05
4.026466558570973575e-05
9.936400055885314941e-01
9.321057796478271484e-01
7.415860295295715332e-01
1.340304762125015259e-01
1.040568202733993530e-02
5.979496520012617111e-03
9.922252893447875977e-01
8.471290469169616699e-01
8.013738393783569336e-01
7.916815876960754395e-01
7.870372533798217773e-01
1.317690475843846798e-03
9.821666479110717773e-01
9.185010194778442383e-01
8.745846152305603027e-01
6.760071218013763428e-02
3.785245586186647415e-03
1.750533352605998516e-03
1.500930753536522388e-03
1.561310440301895142e-01
3.173647820949554443e-01
4.130078852176666260e-01
4.584423899650573730e-01
4.783820807933807373e-01
9.993276596069335938e-01
9.991385936737060547e-01
9.998427629470825195e-01
5.894971489906311035e-01
7.443799078464508057e-02
1.790265960153192282e-04
9.782009124755859375e-01
3.105828762054443359e-01
3.568859696388244629e-01
3.338991403579711914e-01
5.724358488805592060e-04
4.726318293251097202e-04
9.720416665077209473e-01
9.685798883438110352e-01
9.581372141838073730e-01
9.286755919456481934e-01
7.707350850105285645e-01
9.221684932708740234e-01
9.936400055885314941e-01
9.925554394721984863e-01
9.993276596069335938e-01
9.876369237899780273e-01
9.521300792694091797e-01
9.825702309608459473e-01
5.858930945396423340e-01
1.036978811025619507e-01
9.998427629470825195e-01
4.979676604270935059e-01
9.779126942157745361e-02
7.207320630550384521e-02
1.006627175956964493e-02
1.060427650809288025e-01
2.968121320009231567e-03
2.139082411304116249e-03
3.156203310936689377e-03
9.821666479110717773e-01
5.996363982558250427e-02
2.060385197401046753e-01
4.678606055676937103e-03
3.690839512273669243e-03
6.039735162630677223e-04
9.737750515341758728e-03
1.185212507843971252e-01
9.704524018161464483e-06
3.634723498180392198e-06
5.446795512398239225e-06
9.999439716339111328e-01
7.076461911201477051e-01
1.417239606380462646e-01
1.554253995418548584e-01
3.005997538566589355e-01
1.393946260213851929e-01
3.508124500513076782e-02
1.257729454664513469e-04
2.263419883092865348e-04
4.028998082503676414e-04
4.840291512664407492e-04
5.169959040358662605e-04
1.544855535030364990e-02
1.242226362228393555e-02
3.701275214552879333e-02
6.454408168792724609e-02
1.544855535030364990e-02
1.242226362228393555e-02
9.999439716339111328e-01
9.794185161590576172e-01
9.098353385925292969e-01
8.798453211784362793e-01
8.674222230911254883e-01
6.695917248725891113e-01
1.518962681293487549e-01
2.020045940298587084e-04
8.036800863919779658e-05
5.374447937356308103e-05
4.141750832786783576e-05
3.632596781244501472e-05
9.936400055885314941e-01
9.321057796478271484e-01
7.415860295295715332e-01
1.340304762125015259e-01
1.040568202733993530e-02
5.979496520012617111e-03
9.922252893447875977e-01
8.471290469169616699e-01
8.013738393783569336e-01
7.916815876960754395e-01
7.870372533798217773e-01
7.845421433448791504e-01
9.821666479110717773e-01
9.185010194778442383e-01
8.745846152305603027e-01
8.757970929145812988e-01
8.783223032951354980e-01
8.794592618942260742e-01
8.062420040369033813e-02
5.704150199890136719e-01
5.465713143348693848e-01
5.117913484573364258e-01
5.039752721786499023e-01
5.009773373603820801e-01
9.993276596069335938e-01
9.991385936737060547e-01
9.998427629470825195e-01
5.894971489906311035e-01
7.443799078464508057e-02
1.790265960153192282e-04
9.782009124755859375e-01
3.105828762054443359e-01
3.568859696388244629e-01
3.338991403579711914e-01
5.724358488805592060e-04
9.703727118903771043e-05
9.720416665077209473e-01
9.685798883438110352e-01
9.581372141838073730e-01
9.286755919456481934e-01
7.707350850105285645e-01
9.221684932708740234e-01
9.936400055885314941e-01
9.925554394721984863e-01
9.993276596069335938e-01
9.876369237899780273e-01
9.521300792694091797e-01
9.825702309608459473e-01
5.858930945396423340e-01
1.443487107753753662e-01
9.998427629470825195e-01
9.810612201690673828e-01
4.962634444236755371e-01
9.178832173347473145e-02
4.143962264060974121e-01
7.188752293586730957e-01
7.352800965309143066e-01
8.880516886711120605e-01
2.030039206147193909e-03
9.821666479110717773e-01
5.996363982558250427e-02
2.184184789657592773e-01
1.696328748948872089e-03
2.108166459947824478e-03
5.027357256039977074e-04
7.487406581640243530e-02
1.915253996849060059e-01
5.714645236730575562e-02
4.924437105655670166e-01
7.077216287143528461e-05
9.999439716339111328e-01
9.528589248657226562e-01
3.686208426952362061e-01
3.466793000698089600e-01
3.478398323059082031e-01
1.413326412439346313e-01
3.686719015240669250e-02
1.252586662303656340e-04
2.315238962182775140e-04
4.066012334078550339e-04
4.860783519688993692e-04
5.181286251172423363e-04
1.544855535030364990e-02
1.242226362228393555e-02
3.701275214552879333e-02
6.454408168792724609e-02
1.544855535030364990e-02
1.242226362228393555e-02
9.999439716339111328e-01
9.794185161590576172e-01
9.098353385925292969e-01
8.798453211784362793e-01
8.674222230911254883e-01
6.695917248725891113e-01
1.518962681293487549e-01
2.020045940298587084e-04
8.036800863919779658e-05
5.374447937356308103e-05
4.141750832786783576e-05
3.632596781244501472e-05
9.936400055885314941e-01
3.849033415317535400e-01
3.796728327870368958e-02
1.483073644340038300e-02
9.717264212667942047e-03
8.044689893722534180e-03
9.922252893447875977e-01
8.471290469169616699e-01
8.013738393783569336e-01
7.916815876960754395e-01
7.870372533798217773e-01
1.317690475843846798e-03
9.821666479110717773e-01
9.185010194778442383e-01
8.745846152305603027e-01
8.757970929145812988e-01
8.783223032951354980e-01
8.794592618942260742e-01
8.062420040369033813e-02
1.331363600911572576e-04
4.539003566605970263e-05
4.411887493915855885e-05
4.255480234860442579e-05
4.151973553234711289e-05
9.993276596069335938e-01
9.991385936737060547e-01
9.998427629470825195e-01
9.982294440269470215e-01
9.965965151786804199e-01
9.986162185668945312e-01
9.782009124755859375e-01
3.105828762054443359e-01
3.568859696388244629e-01
3.338991403579711914e-01
5.724358488805592060e-04
9.703727118903771043e-05
9.720416665077209473e-01
9.685798883438110352e-01
9.581372141838073730e-01
9.286755919456481934e-01
7.707350850105285645e-01
9.221684932708740234e-01
9.936400055885314941e-01
9.925554394721984863e-01
9.993276596069335938e-01
9.876369237899780273e-01
9.521300792694091797e-01
9.825702309608459473e-01
5.858930945396423340e-01
1.443487107753753662e-01
9.998427629470825195e-01
9.810612201690673828e-01
9.608698487281799316e-01
9.521259665489196777e-01
9.963829517364501953e-01
9.907201528549194336e-01
9.036135673522949219e-01
9.112296700477600098e-01
8.972278833389282227e-01
9.821666479110717773e-01
9.567871093750000000e-01
1.809640675783157349e-01
1.343695912510156631e-03
2.349742688238620758e-03
2.569482661783695221e-02
3.196270167827606201e-01
1.802614927291870117e-01
2.436009198427200317e-01
5.112380385398864746e-01
5.612451434135437012e-01
9.999439716339111328e-01
9.528589248657226562e-01
7.369482517242431641e-01
8.737647533416748047e-01
7.702931761741638184e-01
2.733168303966522217e-01
4.893486201763153076e-02
1.877241879701614380e-01
1.125107854604721069e-01
2.501684129238128662e-01
3.600619137287139893e-01
4.215601086616516113e-01
1.544855535030364990e-02
1.242226362228393555e-02
3.701275214552879333e-02
6.454408168792724609e-02
1.544855535030364990e-02
1.242226362228393555e-02
9.999439716339111328e-01
9.794185161590576172e-01
9.098353385925292969e-01
8.798453211784362793e-01
8.674222230911254883e-01
6.695917248725891113e-01
1.518962681293487549e-01
2.834957540035247803e-01
6.151096224784851074e-01
7.856953144073486328e-01
8.349265456199645996e-01
3.049955703318119049e-03
9.936400055885314941e-01
9.321057796478271484e-01
7.415860295295715332e-01
7.437988519668579102e-01
7.493210434913635254e-01
1.808067858219146729e-01
9.922252893447875977e-01
8.471290469169616699e-01
8.013738393783569336e-01
7.916815876960754395e-01
7.870372533798217773e-01
1.317690475843846798e-03
9.821666479110717773e-01
9.185010194778442383e-01
8.745846152305603027e-01
8.757970929145812988e-01
8.783223032951354980e-01
8.794592618942260742e-01
8.798490762710571289e-01
9.939056038856506348e-01
9.126448631286621094e-01
6.694908738136291504e-01
5.657416582107543945e-01
5.293981432914733887e-01
9.993276596069335938e-01
9.991385936737060547e-01
9.998427629470825195e-01
9.982294440269470215e-01
9.965965151786804199e-01
6.941114366054534912e-02
9.782009124755859375e-01
3.105828762054443359e-01
3.568859696388244629e-01
3.338991403579711914e-01
5.724358488805592060e-04
9.703727118903771043e-05
9.720416665077209473e-01
9.685798883438110352e-01
9.581372141838073730e-01
9.286755919456481934e-01
7.707350850105285645e-01
9.221684932708740234e-01
9.936400055885314941e-01
9.925554394721984863e-01
9.993276596069335938e-01
9.876369237899780273e-01
9.521300792694091797e-01
9.825702309608459473e-01
5.858930945396423340e-01
1.443487107753753662e-01
9.998427629470825195e-01
4.979676604270935059e-01
9.779126942157745361e-02
7.207320630550384521e-02
1.006627175956964493e-02
1.060427650809288025e-01
2.968121320009231567e-03
2.139082411304116249e-03
3.156203310936689377e-03
9.821666479110717773e-01
9.567871093750000000e-01
1.809640675783157349e-01
1.343695912510156631e-03
3.690839512273669243e-03
3.030655789189040661e-04
4.868522658944129944e-02
1.805177479982376099e-01
1.297563449043082073e-05
3.639902615759638138e-06
5.371051884139887989e-06
9.999439716339111328e-01
9.528589248657226562e-01
3.686208426952362061e-01
5.041435360908508301e-01
5.377427339553833008e-01
2.432254403829574585e-01
4.358693957328796387e-02
8.860725210979580879e-05
2.063429710688069463e-04
3.914857225026935339e-04
4.822326882276684046e-04
5.176290287636220455e-04
1.544855535030364990e-02
1.242226362228393555e-02
3.701275214552879333e-02
6.454408168792724609e-02
1.544855535030364990e-02
1.242226362228393555e-02
9.999439716339111328e-01
9.794185161590576172e-01
9.098353385925292969e-01
8.798453211784362793e-01
8.674222230911254883e-01
6.695917248725891113e-01
1.518962681293487549e-01
2.834957540035247803e-01
6.151096224784851074e-01
4.664121661335229874e-04
3.776145240408368409e-05
3.326117075630463660e-05
9.936400055885314941e-01
9.321057796478271484e-01
7.415860295295715332e-01
1.340304762125015259e-01
1.040568202733993530e-02
5.979496520012617111e-03
9.922252893447875977e-01
8.471290469169616699e-01
8.013738393783569336e-01
7.916815876960754395e-01
7.870372533798217773e-01
7.845421433448791504e-01
9.821666479110717773e-01
9.185010194778442383e-01
8.745846152305603027e-01
8.757970929145812988e-01
8.783223032951354980e-01
8.018957078456878662e-02
4.776101559400558472e-03
2.212137132883071899e-01
3.950708210468292236e-01
4.528862833976745605e-01
1.358995563350617886e-03
9.898023563437163830e-05
9.993276596069335938e-01
9.991385936737060547e-01
9.998427629470825195e-01
5.894971489906311035e-01
7.443799078464508057e-02
1.790265960153192282e-04
9.782009124755859375e-01
3.105828762054443359e-01
3.568859696388244629e-01
3.338991403579711914e-01
5.724358488805592060e-04
9.703727118903771043e-05
9.720416665077209473e-01
9.685798883438110352e-01
9.581372141838073730e-01
8.925086855888366699e-01
8.651251196861267090e-01
9.205024838447570801e-01
9.936400055885314941e-01
9.925554394721984863e-01
9.993276596069335938e-01
9.876369237899780273e-01
9.564056396484375000e-01
9.836713671684265137e-01
5.858930945396423340e-01
1.443487107753753662e-01
9.998427629470825195e-01
4.979676604270935059e-01
9.779126942157745361e-02
7.207320630550384521e-02
1.006627175956964493e-02
1.060427650809288025e-01
2.968121320009231567e-03
2.139082411304116249e-03
3.156203310936689377e-03
9.821666479110717773e-01
5.996363982558250427e-02
1.809640675783157349e-01
1.343695912510156631e-03
3.690839512273669243e-03
3.030655789189040661e-04
4.868522658944129944e-02
1.805177479982376099e-01
1.297563449043082073e-05
3.639902615759638138e-06
5.371051884139887989e-06
9.999439716339111328e-01
7.076461911201477051e-01
1.417239606380462646e-01
1.554253995418548584e-01
3.005997538566589355e-01
1.393946260213851929e-01
3.508124500513076782e-02
1.257729454664513469e-04
2.263419883092865348e-04
4.028998082503676414e-04
4.840291512664407492e-04
5.169959040358662605e-04
1.544855535030364990e-02
7.979717338457703590e-05
5.736215098295360804e-05
5.343554948922246695e-05
1.544855535030364990e-02
7.979717338457703590e-05
9.999439716339111328e-01
9.794185161590576172e-01
9.098353385925292969e-01
8.798453211784362793e-01
8.674222230911254883e-01
6.695917248725891113e-01
1.518962681293487549e-01
2.020045940298587084e-04
8.036800863919779658e-05
5.374447937356308103e-05
4.141750832786783576e-05
3.632596781244501472e-05
9.936400055885314941e-01
9.321057796478271484e-01
7.415860295295715332e-01
1.340304762125015259e-01
1.040568202733993530e-02
5.979496520012617111e-03
9.922252893447875977e-01
8.471290469169616699e-01
8.013738393783569336e-01
7.916815876960754395e-01
7.870372533798217773e-01
7.845421433448791504e-01
9.821666479110717773e-01
9.185010194778442383e-01
8.745846152305603027e-01
8.757970929145812988e-01
8.783223032951354980e-01
8.794592618942260742e-01
8.798490762710571289e-01
9.939056038856506348e-01
9.126448631286621094e-01
6.694908738136291504e-01
5.657416582107543945e-01
5.293981432914733887e-01
9.993276596069335938e-01
9.991385936737060547e-01
9.998427629470825195e-01
5.894971489906311035e-01
7.443799078464508057e-02
1.790265960153192282e-04
9.782009124755859375e-01
3.105828762054443359e-01
3.568859696388244629e-01
3.338991403579711914e-01
5.724358488805592060e-04
9.703727118903771043e-05
9.720416665077209473e-01
9.685798883438110352e-01
9.581372141838073730e-01
9.286755919456481934e-01
7.707350850105285645e-01
9.221684932708740234e-01
9.936400055885314941e-01
9.925554394721984863e-01
9.993276596069335938e-01
9.876369237899780273e-01
9.521300792694091797e-01
9.825702309608459473e-01
5.858930945396423340e-01
1.443487107753753662e-01
9.998427629470825195e-01
9.810612201690673828e-01
9.608698487281799316e-01
4.969315528869628906e-01
8.951234221458435059e-01
9.246765375137329102e-01
7.969351410865783691e-01
8.954793810844421387e-01
2.205574652180075645e-03
9.821666479110717773e-01
9.567871093750000000e-01
2.184184789657592773e-01
1.696328748948872089e-03
2.200706629082560539e-03
2.223435556516051292e-03
2.456404641270637512e-02
1.379217952489852905e-01
9.772553294897079468e-02
5.839823188580339774e-06
5.000956207368290052e-06
9.999439716339111328e-01
9.528589248657226562e-01
3.686208426952362061e-01
5.041435360908508301e-01
5.059470534324645996e-01
8.803359866142272949e-01
1.437876373529434204e-01
2.441727370023727417e-01
2.454471439123153687e-01
1.485372986644506454e-02
1.190407667309045792e-03
6.352000054903328419e-04
1.544855535030364990e-02
1.242226362228393555e-02
3.701275214552879333e-02
6.454408168792724609e-02
1.544855535030364990e-02
1.242226362228393555e-02
9.999439716339111328e-01
9.794185161590576172e-01
9.098353385925292969e-01
8.798453211784362793e-01
8.674222230911254883e-01
6.695917248725891113e-01
1.518962681293487549e-01
2.834957540035247803e-01
9.673710883362218738e-05
3.648260826594196260e-05
3.551378904376178980e-05
3.449696305324323475e-05
9.936400055885314941e-01
9.321057796478271484e-01
7.415860295295715332e-01
1.340304762125015259e-01
1.040568202733993530e-02
5.979496520012617111e-03
9.922252893447875977e-01
8.471290469169616699e-01
8.013738393783569336e-01
7.916815876960754395e-01
7.870372533798217773e-01
1.317690475843846798e-03
9.821666479110717773e-01
9.185010194778442383e-01
8.745846152305603027e-01
8.757970929145812988e-01
7.742812484502792358e-02
4.423262085765600204e-03
1.778887701220810413e-03
1.232076319865882397e-04
3.812618888332508504e-05
3.796212695306167006e-05
3.938827285310253501e-05
4.000196349807083607e-05
9.993276596069335938e-01
9.991385936737060547e-01
9.998427629470825195e-01
5.894971489906311035e-01
7.443799078464508057e-02
1.790265960153192282e-04
9.782009124755859375e-01
3.105828762054443359e-01
3.568859696388244629e-01
3.338991403579711914e-01
5.724358488805592060e-04
9.703727118903771043e-05
9.720416665077209473e-01
9.685798883438110352e-01
9.581372141838073730e-01
9.286755919456481934e-01
7.707350850105285645e-01
9.221684932708740234e-01
9.936400055885314941e-01
9.925554394721984863e-01
9.993276596069335938e-01
9.876369237899780273e-01
9.521300792694091797e-01
9.825702309608459473e-01
5.858930945396423340e-01
1.443487107753753662e-01
9.998427629470825195e-01
4.979676604270935059e-01
9.779126942157745361e-02
7.207320630550384521e-02
1.006627175956964493e-02
1.060427650809288025e-01
2.968121320009231567e-03
2.139082411304116249e-03
3.156203310936689377e-03
9.821666479110717773e-01
5.996363982558250427e-02
1.809640675783157349e-01
1.343695912510156631e-03
3.690839512273669243e-03
3.030655789189040661e-04
4.868522658944129944e-02
1.805177479982376099e-01
1.297563449043082073e-05
3.639902615759638138e-06
5.371051884139887989e-06
9.999439716339111328e-01
7.076461911201477051e-01
1.417239606380462646e-01
1.554253995418548584e-01
3.005997538566589355e-01
1.393946260213851929e-01
3.508124500513076782e-02
1.257729454664513469e-04
2.263419883092865348e-04
4.028998082503676414e-04
4.840291512664407492e-04
5.169959040358662605e-04
1.544855535030364990e-02
7.979717338457703590e-05
5.736215098295360804e-05
5.343554948922246695e-05
